2.19925e5
2.98685e3
1.40469e2
2.75051e7
3.37623e3
2.62878e4
1.24722e2
3.69233e4
2.5466e2
3.77231e2
1.55855e4
2.64698e3
3.19381e3
2.77834e6
3.86588e7
3.80454e-1
3.34377e-1
2.28575e7
2.17343e6
1.53285e7
1.69785e6
2.38438e6
3.65304e3
2.84477e3
2.7075e7
2.03429e1
2.37214e7
1.19906e5
3.23418e5
1.26422e5
2.93709e-2
3.33279e1
2.343e2
1.0437e1
1.64359e3
2.76033e2
1.35735e6
1.86114e-1
2.47211e3
3.32866e6
2.65842e2
1.08157e-1
3.34029e4
2.43239e6
1.79766e2
3.72729e-1
2.81381e2
1.72143e2
1.26933e7
3.1513e6
3.61113e1
1.22929e6
2.33932e6
2.73213e7
2.6866e-1
2.54565e5
1.13565e2
2.62659e4
3.47746e-1
3.96523e1
2.53572e3
1.99408e-1
1.032e4
2.58107e-1
3.23867e4
3.63513e1
2.57521e7
3.67601e3
1.3661e1
2.32589e1
2.22822e2
2.06575e2
3.61911e2
2.25123e5
1.32412e2
2.05124e7
3.22858e7
1.32067e4
2.89121e-1
1.62795e7
1.07417e7
2.71401e6
1.88581e4
3.0225e6
2.81628e4
1.68942e2
1.01011e-2
1.0975e3
2.52638e1
1.38885e2
2.69167e7
1.35398e7
3.13391e6
3.81922e4
3.78943e-2
1.25749e-2
1.64834e1
1.28032e4
3.95787e1
2.70101e3
