509
10359
48501
66621
44354
22967
95992
2303
63068
50897
86003
67817
58417
70207
98871
92686
29853
HqnLVpNSB
94472
111421
121814
19713
105161
116708
105894
91348
67781
105999
25968
41538
50212
25033
49966
15687
105157
27504
19252
41736
74245
120583
98318
67299
94060
45376
104204
8825
112812
72004
101998
dvPZRxenC
56371
RfDCpcAcr
5889
115989
94361
45055
4828
117634
14551
95944
75230
49856
91228
90303
97914
34040
27016
112253
104150
80698
113826
16787
77926
106355
46393
101962
111917
58001
103155
37006
116689
piYdMACnK
64229
87304
17074
PVsYOIAhM
42985
51932
7701
60439
112954
105662
82389
85994
16850
87233
93959
36503
116539
102626
36974
84671
45262
28114
113677
87668
44354
bXAGMNyBW
102672
15422
111853
5909
87617
91550
78473
63240
103163
20115
115559
92795
74812
95270
91997
102528
102386
71464
89659
67120
50706
20886
93940
108537
86889
VXxtmiPSJ
123474
108831
74492
73398
88763
45560
48991
28647
105009
74474
2166
6803
16543
101053
21626
32594
34829
119792
53183
25297
72375
6050
58805
104641
AAaEQmNUz
6478
78269
49686
5890
97660
120529
114082
108906
110229
100756
55205
107792
106289
8221
69103
2308
98596
111760
45030
20087
51380
qpHQQhdtX
33340
80521
19984
115438
115863
45223
29990
34169
ntgaQupXG
24137
27187
5030
54576
61597
6169
51093
nNIZljoUM
30384
7985
30964
29783
92385
56578
115062
78582
9786
560
37526
77772
81841
121376
70097
83927
69858
BlTTFcZCe
77124
75898
110154
76635
92618
39678
117548
104603
1938
61993
9827
25722
112386
79122
75122
70650
102332
17593
54485
29695
93201
40448
54028
76801
106867
116811
55865
17726
21692
102655
20442
thJTDDIEv
71052
51653
26412
52506
108998
115834
MPUJlcFnm
74165
71412
23739
76776
102925
66709
88774
25530
41120
20890
41983
NennEHeWp
93114
5161
46745
45864
24302
35801
3368
85353
44692
40193
104791
35511
31401
96367
32352
lCczRrohn
23711
116231
61453
95915
70964
81087
59684
68680
49269
69340
49544
2192
tDJKqlzPj
75511
601
87472
38200
71188
21436
31084
101949
121582
95642
32252
116145
88716
67365
85573
17847
78455
7685
10013
30287
78633
118118
111318
JFRPkYhxv
85912
27110
93438
87031
85394
30610
100390
18740
71711
117455
35979
18141
22529
28013
43163
dZGMKVoNq
48130
86662
100540
53185
54889
40754
18874
58316
54742
91110
ONEQXbGES
5411
62635
103354
67335
100987
108827
3436
38902
51859
95978
119470
5921
cpQnzCvNX
83411
114768
68890
59422
113251
73798
27946
114729
121298
96402
117668
27163
115225
11093
58191
122684
9513
80640
94313
24053
67688
75805
4387
78178
99529
113107
124267
98640
98161
35950
17333
91659
SHGrIBXPz
7376
117799
68687
96781
14928
121329
117106
53706
76823
101979
47507
47300
100344
IlFclkUKu
36987
12262
9313
6312
104346
35197
24840
56925
26170
123115
106349
67520
zobVzFXNi
123894
5348
28186
67183
44884
23940
111763
50465
92237
56884
112091
31244
51487
52553
19560
58651
20666
40667
110677
34949
92511
46620
41358
32781
120125
77673
109919
11413
50085
20140
54447
10447
33625
90672
44298
46046
116486
117705
65645
15493
84019
123563
84620
13011
8429
13551
53393
114775
14028
78116
38294
35471
83939
101703
120560
11742
40943
28383
19905
105423
6332
25101
75748
104129
86718
116430
36135
38238
57652
35069
103116
24022
23247
43183
106355
51096
104946
TsPEjVVGz
93882
675
112132
21015
78395
43537
32614
45135
109438
68245
74032
83826
73206
98613
113520
37940
69454
1030
52973
70730
87577
30853
42833
36704
91847
104303
23778
86107
109102
17982
74546
46035
54547
110630
56555
102545
104773
57180
41977
40695
19751
83161
49557
44191
14075
121417
32716
79516
74318
63609
92467
84084
68177
21646
7557
ifgDZjZtY
65133
65726
5583
76072
112908
117212
21452
92284
92424
70930
27123
73980
116680
90296
118091
10773
8777
12372
123316
113667
92071
51919
13403
45159
35817
47185
24273
14018
65935
eLJxMCuNv
31599
2379
116488
97660
36288
31104
47464
oBnOJPuhJ
112148
53624
89966
73296
100099
84889
83365
60024
54040
47253
68129
32163
38753
23066
15875
86536
29904
96944
880
57609
39064
44150
43368
87517
36078
12446
31980
31639
7754
25366
40049
14934
90631
39475
119166
99492
56789
90146
91437
10950
81346
62882
67980
47499
107536
81218
10065
16967
106543
115213
35461
48870
55686
70002
29919
83147
39913
6487
39499
79209
37662
80307
47990
37842
79613
79075
47211
108849
33520
65130
29352
102342
JzYmZjeYP
69682
112110
1350
57544
21743
34682
104165
108509
53238
68648
98858
31715
55103
31718
79301
97659
109847
114807
108686
119248
57070
31946
119644
49857
81638
122521
66920
124141
69026
48856
81580
90005
53907
26425
34344
123187
88167
121310
32822
78482
tZRdEyDCd
86282
78000
58773
80695
25736
5547
58115
45147
43826
113858
8132
50676
4972
120768
94850
64828
118809
96610
94840
63380
43721
14330
83118
11039
50768
15564
89455
64244
13359
75500
80652
74281
107161
20222
4013
62983
7212
AjTeKDYaf
17438
114058
96520
98591
6185
94618
93002
49670
48767
51557
122680
67167
78612
91563
cMnuyhdCB
37264
16869
95683
122262
104464
120514
120142
102345
10988
hvgWoqzrk
92680
33329
108020
112793
122541
982
57855
84082
62651
116445
57552
78516
77343
57214
4860
72711
42261
61937
61572
84530
123736
117963
26612
46794
uZPWgrbyD
101571
45197
34618
30777
87224
77818
76347
46079
95089
78377
bkPEcerZW
84470
75375
60768
67555
31849
25589
99107
122575
2639
54135
106632
94332
19101
umngGHouZ
30322
88412
59933
76395
13785
12836
84868
44107
33940
29419
44411
ixKBalaSs
66231
92468
56349
119396
92940
56176
112496
83031
12007
58200
101186
22453
105424
LqlBmeMCq
97233
2978
113755
93092
97436
119352
39914
25782
2658
24898
111861
25916
6710
34171
74845
86354
85361
33130
58361
116760
hVqtbJjlO
95513
81049
120250
103638
66599
114036
22507
49034
97732
27824
nlFFWenrS
101167
102381
odsyNNoQh
11269
13010
47482
32377
98386
18635
70193
114063
23982
112564
89394
66872
44140
98424
81510
70716
106577
12025
101918
35703
55377
65721
4582
78231
101990
46354
aKsDhwdwC
6164
99105
32685
eoNCmzlVr
123923
25184
29589
84334
48231
98881
52286
31080
45543
69061
118134
67749
109128
28877
79088
3108
84604
108065
70426
32331
17527
104061
63771
57012
85857
WvcfEPgFk
66212
77402
49158
100342
112155
122415
92702
27512
93637
53659
52293
7460
71945
40988
51647
80817
43501
95958
109970
49914
89549
105060
18695
49757
46562
57638
85218
TmwpfRAvf
97770
59339
119713
41680
114976
49590
14677
27093
3038
40047
114558
114767
65574
12544
63598
103106
4610
99214
98549
80559
38454
109710
38818
111370
117688
15753
40560
75802
43241
57563
46698
ZdisFfzDA
97127
70649
10881
63162
91189
29133
92274
86769
111286
10555
62963
107639
83254
19814
30002
116109
99809
608
87040
89220
112346
37849
40758
103282
122568
54973
95877
123653
6899
24259
57163
58781
44669
88413
100199
52692
26941
106530
48241
1358
40606
29303
36902
35836
fAHmXtlMt
85014
10765
14018
60699
71524
120765
97697
2924
104349
72548
7848
99430
93748
101025
39322
104403
8450
41324
50859
57513
16848
96316
101470
88380
29124
113512
18263
62121
94877
117043
37898
21711
iTpeGFZFX
95703
67094
19376
64803
18541
36157
vHrXBhCTK
22376
55920
OWXsCbGTA
94247
81688
5272
106505
99151
100467
81755
121044
4548
15100
40657
60525
122080
106663
33000
25398
107282
53433
67821
65320
105006
73272
71152
75138
72292
12526
123812
DWqXkTiDq
13139
51049
60869
8202
46695
106842
120112
27270
34294
121734
2702
119683
20687
15143
56666
117773
21989
12170
121363
24278
33088
68797
49232
80442
106123
87800
37912
96435
68097
77918
92898
28541
84876
77222
57882
2554
14708
33489
104130
55153
59107
29857
beVmanNUV
110974
74479
78444
70240
55735
95544
14887
hvNzETNNf
60415
YFJQADUrz
84827
67656
4480
37047
jCqmIYOHN
73151
35159
14290
44623
73345
46938
38579
56316
20981
23071
51164
20353
5273
120119
51229
104478
102085
64272
9806
100680
111790
89216
26796
123089
79847
82121
94957
107197
46047
5201
17723
121990
IvLeTGdBx
72219
38820
113583
79829
56766
17109
8930
122539
49412
82957
4424
50981
65408
6748
96397
6776
102455
20228
64419
HuhaFTZbv
119527
17323
93754
16379
73571
35867
105022
58374
117163
SnANaXDYJ
93191
37656
27573
34018
31031
35238
45087
79837
64798
43420
108593
60652
85483
74877
120833
50422
68541
118142
124011
119273
34199
18304
45911
115277
61302
xrOtanDXD
3707
36150
80375
35225
69637
95348
42041
63410
55744
13164
48006
17508
NCwETEKis
96803
94794
81973
96462
28526
8031
7519
53991
38313
CekcChCPr
15593
ClzypPxit
48298
114619
42486
108698
43138
58156
30940
89648
66210
45954
60590
74484
86363
293
EHzTQvzSk
74062
123177
118928
18493
655
108072
94645
44151
77255
117689
98668
116793
85115
18213
84551
121626
34316
46119
89361
86250
118524
5836
111753
ZFYYREtAm
29225
84352
18901
67276
62674
14305
34055
117039
65889
74810
26826
106640
108522
56701
24588
4360
HGuRBcEhQ
14312
4655
5377
118695
105804
110154
113112
12116
119283
61056
11999
16072
61039
86670
33262
81180
75331
16787
87587
103593
117816
112745
107276
42315
37760
53454
28766
14422
58457
472
58410
85313
96224
107706
99337
64093
25664
35419
118366
54225
97849
zSiIWKgLL
86101
12113
45046
99283
107
37841
26644
27015
53095
80975
qHNdzQTno
114795
43187
38980
103022
84940
111050
65686
62437
73743
21006
19148
73526
119429
75041
64134
STDqSCAah
27493
66039
8871
43480
49151
32709
119425
26670
47559
52126
7704
74497
87936
74962
103122
5448
4399
8620
91917
52772
95806
57846
39859
KWWLdijdQ
101535
114484
16297
53835
66209
111251
27929
86535
91988
71469
28229
38209
HuPprnqVw
62019
22964
JjfWmPuzo
64878
yGzJwfWys
66943
3078
121513
80377
19280
99801
81388
72093
42625
91245
16614
CjtMgRLYq
107261
32522
120737
24630
30197
118785
43192
109728
42793
90542
46776
72113
533
108468
8098
50989
LvPrBHTTz
78145
56290
CkOfZXIAg
24146
23965
29114
14419
10250
59359
100853
57916
1242
50017
91908
52217
91365
51719
68828
86199
100808
75345
31560
46094
24754
LYacefYtd
97302
87858
43081
56087
PDAZKeigW
66664
61207
87806
10782
67413
80226
105825
98460
82873
14502
107160
22728
104895
46856
33206
17580
33038
32102
66719
41241
31098
107323
14235
89746
23788
5783
51947
2091
86923
35875
43535
50365
88315
29688
119409
20075
8799
6879
89462
100333
87002
55998
2813
52466
60747
57796
23409
123624
70320
67705
115503
91835
35613
115732
2334
81466
4412
8497
81004
108839
28001
4302
71257
29064
26886
82776
102709
63554
85601
53012
13759
51961
69352
64576
18985
19996
94026
48099
94229
113779
72747
17170
85977
33948
66167
53793
62494
91697
57833
99802
54930
74973
101241
GnyKhtthI
108559
28918
96276
69315
18995
69170
17437
69733
94043
77557
69030
27224
98154
58215
90278
78404
54391
26302
66789
3916
115434
48482
60366
106522
19951
96846
98585
22771
120597
81295
24464
78305
10662
118731
108370
54307
54200
58769
45304
84688
85701
39620
95284
110294
74919
12840
oRAKTLNcs
60497
fruAsxymE
69605
123604
43621
31488
93457
8810
xQzHIzLQK
95164
26593
110104
116459
53086
60933
TiRTNAhKl
35073
103309
114879
113272
108767
122043
KyygYbIjo
66500
XsGYiDHXm
34297
113000
80895
94
44611
104516
48309
85094
69990
121353
31424
9570
50055
8324
10904
7222
53568
115996
94225
106561
9441
85426
118809
83343
59011
32099
124177
47236
34231
45703
16802
32458
38599
21436
15133
sRADaFXmF
15122
46367
80486
73584
33531
33781
96117
206
48020
4296
100176
44133
11856
12973
27305
36830
17124
107424
41351
45761
114689
123777
116245
120663
31084
103720
XbmKcKLtM
102569
16260
13473
11930
rkWVYXOpa
22418
119289
75546
45603
46159
85999
33224
123369
70295
22724
84747
113179
100178
39362
5501
44744
82357
60186
80148
81267
44096
37606
114937
35850
101011
106384
56228
108252
53579
20097
12987
121612
100256
57287
1982
111952
42970
6915
27238
99418
85556
114555
115027
28071
111016
82564
54034
11706
86839
12901
39431
27136
84511
77715
31041
104340
73165
2268
88741
70422
48646
83206
67082
35782
BuAPXHhcX
58810
87550
46533
27088
25976
88611
19481
99452
50922
101015
43428
87559
40167
115439
SPYIErtqF
74855
69403
36701
98613
12990
42615
17947
52525
25332
59367
97099
24414
39385
54633
55370
20972
102642
21448
3775
82489
105991
77792
38654
340
73688
74413
98890
99982
5103
113014
120191
91408
35570
2720
21847
44195
YuJbCtcfR
10542
83514
98809
94448
18909
48623
56581
4509
17769
13333
112771
BNhDTzshP
12935
38111
9985
108849
33887
66470
92941
xSKCkCSaw
16120
37564
114781
108003
104803
56397
61171
91423
20179
114818
78099
20671
1290
95730
65442
114115
bvDEudlDR
120093
AKPCyHCkI
55987
2442
64974
53064
57456
NSuQhqGKF
90704
78593
109421
43669
65887
61505
57822
52148
42421
11720
98624
47347
25127
39169
67114
94462
1722
40756
62433
63775
113859
114833
5304
80763
hArFcEZKY
86832
98931
113110
98640
94193
77838
86101
JxgzWzoYJ
39980
54042
89228
71818
42146
116360
20246
20199
82603
113562
105985
31792
54839
29716
10408
97451
100051
65274
58984
64353
4236
62575
75232
82195
88547
78650
60712
28442
43794
21641
16829
80952
39900
45723
46054
93925
30675
43579
35109
34445
20124
4483
102916
sILwZdKZJ
112756
3166
97616
19876
20714
429
27864
123821
75689
39539
9727
64647
11045
absGzJsjM
122022
112321
110907
53883
55363
49140
79594
29484
39621
69681
28877
55769
118298
90047
45750
33977
110631
62333
13594
85846
90652
83744
116579
11383
35743
65497
100326
109944
6984
10461
44857
43065
82073
30076
58956
119817
83423
122719
550
63413
21174
41481
2793
62393
VLiaruRFF
74791
61794
55517
101823
71961
15992
2592
68002
34583
15988
59377
84052
12593
107118
57165
15905
106264
48300
106465
77601
44395
107439
74861
33271
120357
11227
71859
64763
106070
31244
69322
vWarfzLTb
97039
33763
97873
117742
105473
66063
112636
54010
122647
43071
30456
76212
101250
39250
22882
TFWofccqC
89447
57078
56588
29339
57597
46511
49120
108288
81173
12956
52326
102047
5410
12285
xChOxYmyy
45288
44957
95497
22594
PfmQDMAEr
110953
64734
42333
119025
28937
45218
NYRkfNuxr
103290
116108
28283
44931
116460
59946
111116
117318
90101
76383
94034
86507
79922
67716
111417
108079
34020
106329
ttjGpAoRU
10420
114240
13578
95949
104838
86999
17981
83370
YISCrEGjn
35477
38407
1356
85480
111649
50232
20712
85883
24934
104573
94735
51320
72684
95100
83023
3111
15453
53561
120034
56692
80907
46688
108530
80004
39214
gLeGhEFJr
72181
2862
81428
74391
3256
72050
60974
HtVjdJZph
40641
108900
4182
2643
31064
38183
65576
3442
28933
LQvWceKMS
49665
99665
22756
65697
98323
ywFrUvXiz
42588
102235
34949
55393
81719
8585
35187
111324
28599
83106
81670
118058
10350
53182
73910
100259
ancIBfnvm
53437
94316
25579
76430
121633
26533
11776
104315
111444
1430
65348
8834
112976
22324
55602
80161
64129
17892
3971
76545
1925
51953
44622
71509
14795
111383
92041
112475
36786
9100
107512
109993
48533
30611
105988
48480
89714
59513
103372
45259
36763
66598
rWvgNPGby
40411
58764
68200
85338
83911
102417
12789
30129
17237
40733
10656
88150
121503
111273
33855
105853
29577
95250
82353
55229
64935
45768
43625
124231
673
1991
109396
93457
33185
21945
29643
56332
29255
23384
QeLkPUiuM
57011
103572
12532
26079
78192
113337
112298
34660
9688
14322
114199
10262
66600
91372
72680
18974
12670
27114
51119
65131
104058
49335
116297
87085
3126
51241
103322
75174
115798
ESYfsUoxX
68298
89815
1770
31198
112790
111061
37088
75715
62215
13470
122875
85842
83645
43884
40612
110418
59710
107585
78230
83911
13988
86334
10299
13897
104495
37531
63486
74254
110121
4669
98891
44191
89626
86970
50755
107737
75934
112410
68316
19764
11590
119304
122100
30614
109816
94224
25754
15913
25224
3321
3755
64747
jepZKjVEr
34557
36178
108064
66723
98854
44028
76428
63199
97472
120540
95626
44794
110844
14725
41937
93747
56094
45149
47500
39205
106579
99987
76089
14390
52393
55282
106831
42155
60345
290
25049
64646
55384
112391
UtNzBXlCr
87422
22856
46919
92778
68216
106568
63453
59454
62748
82682
8017
48175
2638
102520
94286
116115
113161
13786
50316
82163
56119
112307
51732
79776
52409
117161
78856
12330
26501
85029
GobKtGjpC
100116
119507
109227
79797
70969
6732
82547
87047
115776
580
11789
9938
93890
87519
85217
45271
116134
18926
32621
97494
32980
33594
52952
43851
95022
18079
71545
97381
88332
59124
27166
20729
49632
48007
61988
106940
80495
75209
6142
46403
62256
25818
95164
69466
84673
12890
39627
49897
10870
98491
95729
7573
67444
43023
43826
69114
99009
76595
106303
20085
47204
6709
41411
106478
50724
10032
105271
115570
79729
24845
120352
61780
13284
524
116489
4394
14327
109656
85023
743
95043
31764
63849
119225
UErfdJLoI
50281
55537
85692
20555
6950
84969
113979
53619
96818
74137
83616
15354
41801
111800
95554
112542
87147
26678
109985
93776
45080
12010
48075
109437
38657
96161
118687
66385
2807
94637
62935
101313
20629
93119
91565
16868
FPOjqLqRv
27745
28567
68092
23007
662
71676
14570
79810
81371
114689
iWLimzSsV
84503
87766
29934
77688
54143
eYeGxCjjK
64584
116061
91894
77924
79904
94873
CVLxlJWvZ
74470
RRqwQExnW
81948
74601
102800
51895
11936
78353
67848
39842
55282
36165
17009
27375
104951
17500
34694
45489
59818
21186
68725
60161
67236
94083
67427
108574
26178
57464
16799
21406
85303
119489
PgXtBnHMZ
106119
55089
87234
81394
58176
81357
91159
96860
104770
91126
89517
13378
32687
120699
118754
85317
XSTRgDgOe
42266
100151
93180
116772
3639
46674
65629
50600
50161
57566
10699
115624
8490
88838
71895
15299
35905
49672
40691
29571
121567
59054
86399
19953
46836
65083
yKTpIQFIL
43868
67043
58481
XrPoGTanK
2651
87108
104228
59242
19579
65143
84319
34616
57945
48242
44572
36602
cOoFTFbRJ
43229
72167
mZyGOWtBi
ytSASmvCo
YWMDGSlQb
46722
55122
4851
95826
107413
119232
95532
120814
74362
49012
61991
10745
48765
54231
109664
24745
94352
83835
49415
74404
36838
28231
37769
98518
13943
98788
WQWpYwtgk
95664
119093
22275
88907
27291
15289
48202
51027
114226
86149
15145
67448
89718
48970
123467
117743
58129
74997
90695
281
112317
87919
44613
118082
32219
73282
84069
23680
68042
107007
57309
CskeMvabS
33395
87100
38540
68078
122820
KkrEgBawO
99045
52099
35148
63615
15678
hpUgDztsO
50358
4931
32467
35334
108400
41379
17829
VxsuCIfVJ
45621
69273
96660
90648
17959
54498
107101
51093
99880
41131
25356
37664
69345
19973
78525
55116
115985
104910
15564
9804
105323
43786
23196
78026
94490
3753
50161
45105
15491
UOFZIKORJ
98220
112034
74447
15745
59235
105337
88418
82523
121516
59265
118051
74644
49843
62875
48118
2051
81820
44131
103948
60288
59829
84111
15199
78020
50876
12132
40699
96590
42731
55253
113024
49039
77970
61016
58545
22869
11487
19531
25205
14864
92132
34183
17391
118093
56154
65053
117859
91706
115382
25304
77258
47675
47759
95215
61007
98796
46119
97703
27156
51747
119042
12136
67350
38517
23754
14014
fEsUsHOSa
29818
AVkdMoCRQ
70880
37914
65428
95569
65448
28687
66753
67642
104559
114495
116907
111270
52958
109932
11805
84860
111682
26762
3008
zquAQxdjJ
31556
74494
88431
29014
69285
5082
100661
68602
71691
45160
85958
81963
103886
1241
79968
mqBfzhqCC
95238
4691
108232
118785
23813
108577
3525
73134
69329
85767
54622
51014
63114
92146
78048
46361
18578
52060
60918
86625
30359
4584
59376
75339
66111
93610
119539
890
INwrjqeuA
QUNlNUFVp
98520
63356
66843
16714
46120
83852
52933
55276
77264
45769
80768
ObSRdPiXt
110192
57266
86286
48554
94832
vxVrDvXVg
78515
117537
108009
1756
60073
11463
29069
73827
36034
cWFZWyvkU
27861
121372
113695
89603
77719
leaLVVczi
20756
53077
86859
115963
96392
29920
122387
56471
71406
78076
108333
40425
11171
18878
99182
74257
86281
122523
109541
JOtWGyqoA
108389
PrlXZXgdX
74493
65769
48483
84328
36350
112440
95278
121649
55994
28498
32615
26263
37417
103274
2635
110795
105994
103455
63585
116858
13063
19065
51233
30918
27377
107767
105221
95559
100733
19923
120029
15581
82822
99237
41537
20822
3127
110628
69366
117391
89737
98330
9698
120553
27789
9190
111364
43146
108486
79578
rsjSqpeaM
26019
13182
84322
61212
46182
110438
UEEPffNDb
100571
110570
43080
51317
7323
49879
17134
44363
16673
8739
111935
49383
68629
55568
71850
18718
44551
55179
68789
10464
47594
28544
1478
79398
13495
36137
JQxeMybpy
123434
17618
32826
85164
69884
80812
62987
30488
77167
19765
118149
19466
95478
68184
32481
36101
103710
94103
25661
56572
94669
121623
11092
82994
76916
66752
BoBGKmTqP
122540
77234
26695
38305
40239
117714
97987
90116
123535
123822
83980
15073
105712
101681
10702
36367
42600
91610
70641
4651
16154
44532
98933
81141
118522
11961
69893
79026
13606
19246
74666
54991
13806
44918
2173
61750
51709
59999
30979
rPQJLryQo
94709
118718
5258
56843
62325
60116
4937
90263
121853
68595
110353
80805
7435
14708
101807
48195
19085
47115
121497
63298
RMXXjfIdf
35196
112172
90230
372
45316
67011
104539
83826
21401
111308
78924
81869
102005
112263
38976
iesVnqSTV
92149
82237
QazzSHwwR
64454
uRxmvfNUM
99310
73132
50346
1971
120710
92061
94378
65819
119646
56183
45314
34155
95329
66128
31626
101673
40
77148
86458
59205
88861
113373
47002
94337
80022
47174
24889
60736
mIaoitaab
103437
LBQJliHdk
111145
121191
27096
1708
81413
62296
41646
99681
53293
72572
33734
28020
123199
57265
73180
97805
69615
33176
77813
57187
97780
48278
FfWHTtGax
8738
77666
cEVdgMFmS
50762
104552
56060
68769
16942
27122
52452
94971
58054
64718
1997
20253
35977
28582
14809
25613
86684
101876
12710
2164
BczADQhUH
34143
35543
42580
40563
105011
10042
71040
118568
58863
28851
22152
124026
69625
93125
19290
97124
60893
73669
88031
53969
72902
108249
31578
89939
41405
14565
7117
98386
72238
74050
67904
19242
13185
60040
113195
92587
115885
73346
61287
66174
gcuHMGlAC
78270
37046
31916
2196
101274
124012
30573
97470
88830
EqwQfRiaG
3426
25198
73422
51139
112706
100403
57452
8212
33195
17620
118327
104843
47784
90459
74431
73676
81485
92140
119285
98219
103217
15985
965
99673
101203
121653
52850
70550
102752
109603
63331
FaDphwzXx
83298
41697
vGpzVuSAd
33016
84765
85353
4655
92647
88832
108434
54355
59281
59235
39964
54322
52911
123200
85884
41531
108895
24567
21370
46784
34415
89892
59892
52705
122562
49236
68181
42497
111666
84531
63368
6663
16897
50816
34038
74379
31169
59608
85497
29688
30434
4439
44212
112400
18939
70199
18582
5036
67401
96573
100390
15147
12474
17288
90226
16633
91218
63366
114965
17772
12109
31578
104669
38241
10612
TQwfgpvDC
115744
nNrhUmCVB
irZAmpKqV
24216
74299
60398
34207
47324
38224
8859
75385
91396
71819
58613
89088
96614
105793
88207
106634
121117
48379
122760
82337
59557
zGTOJzpEY
92000
40029
emCwXSKbl
115242
123167
92137
72618
3987
89374
55111
14480
17782
2348
77643
36555
25446
54913
16815
58806
dOWbwZddT
39268
23653
51598
62711
3532
55569
105635
PTOIscbnq
119776
102309
102655
29034
86505
525
24563
113882
90491
76746
70856
9033
56012
63510
50960
57689
103555
66870
117407
36144
USJbToVZz
35060
afiFWOsUn
98666
105820
45238
74631
77945
19128
46942
120204
92497
12150
81228
46013
123392
18267
109377
1427
72289
62379
33691
45283
110307
10415
111311
83940
66388
89161
16831
2902
55976
66435
101192
85859
54842
26373
31252
98185
3936
84149
48730
98351
61236
81693
29306
73774
90807
43725
101346
38997
109619
118662
6110
75231
73986
118316
25926
105371
62084
93713
117457
38342
67723
60243
57205
58267
107126
70305
91592
115019
86480
93232
116554
112163
29048
hysxPCHuE
35174
29095
85984
74577
72190
114250
69433
25419
eInyQDrQH
68532
89320
30926
117695
66146
8955
12101
51922
91096
114837
16675
78408
kroXZrmvI
120246
112506
99302
97326
69395
79196
30306
SYgaZcBNQ
66995
76394
17022
83706
5640
124120
13737
110515
27440
101670
895
33618
110458
117161
58415
77366
89618
95923
56045
63486
115019
92952
7058
47748
96036
56992
103920
98464
82180
pHzAwjYYv
101033
100897
100763
93566
18201
100018
34860
gONQnxnZB
50094
11014
16116
25803
17577
95635
21891
119566
82298
hCKXlhCjO
106559
9484
12474
59298
48648
31192
UcsBNKSPM
36915
BpIwEtKuM
24665
31077
85107
104716
99744
90264
77593
102797
32230
2178
121192
67866
74569
97143
48919
62873
105178
97540
92798
73173
20406
47255
67243
25244
22676
118713
107581
108428
84866
23466
87815
83882
41217
51874
7007
43378
93042
79276
118215
21343
44611
112638
26199
7455
oHkJStibU
109834
18390
98281
118982
lzzxxqZjs
dAhKBaOSJ
83371
83915
97361
49383
33525
80749
17045
3489
61614
65358
SNUIaEqgs
27317
26238
27387
121091
96837
47553
111110
34429
60275
10889
8797
87968
89492
19422
UExogGaip
34930
85417
76697
45823
99325
61326
2795
113948
106580
10550
47008
101885
18583
116560
49411
38202
115423
57635
38566
17107
90806
15991
2709
5579
grIcfAeNO
57612
108960
110291
116349
88844
76936
106243
ynKFYVyfE
81454
32119
114573
38175
93882
26278
117056
13313
69340
40405
21012
55866
58621
13677
27558
41956
wktrnJpPN
90175
68357
71710
61373
121925
106690
91092
19309
12440
92654
116269
70177
rizYzJaCq
21609
51611
6347
rluyupECl
1935
102901
33725
6628
106518
28905
115211
35612
78007
118673
46142
123665
45248
32569
46707
13665
4572
107294
116074
44706
7730
81338
121872
120911
18908
115307
9535
42690
42161
113517
81630
27480
20569
106631
84865
116781
35036
67806
42913
DNEwfGNuZ
81444
75415
15368
105289
111935
118799
79001
19294
114776
111326
48563
117812
84961
58330
113231
81020
32898
75535
1960
33943
73891
67879
113634
20345
10843
100020
28203
123261
7950
1879
84628
90304
96358
47978
54223
38879
32881
63258
54799
11390
1138
8199
82848
44077
120722
22576
9345
87375
83950
34728
26283
19729
35523
75608
61470
27645
21273
117808
4214
86434
73514
87901
103741
86171
82905
122974
27467
96777
84573
42252
30574
20872
znsYpdbCO
31981
53815
24740
33196
69795
119293
100067
2911
22215
88902
16870
104455
3143
2272
22155
53932
16551
86841
101011
19767
29580
111137
11476
117208
99698
99536
54842
73560
89830
19237
14060
119664
73244
106036
MqkunseNv
30993
106390
112211
99862
90419
53999
10605
99856
3260
78968
123587
120996
7575
104242
103456
WZprvsSQm
56200
7391
89711
97946
37674
107933
zYoAEHgjk
15038
35272
37500
12995
OVIGjSRwX
24537
3974
12844
tWATqFLMz
43592
16981
19082
81369
54746
91545
55413
18252
51727
25445
11030
89531
100484
50862
1810
71959
33781
62181
114290
5801
70598
25965
101830
49300
93856
67599
orIudFIRq
8686
10218
23101
10810
104716
3343
16194
64764
18763
22638
18998
37745
103702
8272
110438
83375
63500
42710
54432
tmcTFzHXI
88398
82734
85682
47659
10520
63204
63159
91808
66621
45797
83979
3616
95064
89802
26475
51132
111516
27976
102900
99214
98589
104478
93532
HJWUdYTxz
116549
65955
107832
101740
119179
46728
118816
73423
86477
47049
97705
19349
35599
110890
94239
76691
65882
67463
104296
35750
13571
25606
63310
81925
95458
54568
38979
71213
15444
59046
43051
108416
13111
43349
116247
110780
qVVIMEJDA
122802
50479
56112
32199
37762
89570
83086
17811
76198
80217
jtxViRcox
82402
112374
104023
118996
2585
76764
50306
17430
aGMdQTZJt
31739
35798
84194
7300
41617
109763
17485
11438
6167
46683
38538
122566
89350
93887
17090
886
51502
25040
13916
86486
21776
101704
25404
29061
3362
47461
47161
81195
45015
87957
56082
56604
92825
3681
79944
33907
17233
72079
38624
109773
104202
56200
87490
97029
60347
80604
73802
109499
78833
75689
66877
58618
99749
8962
85354
41260
59940
106288
49082
13962
90002
114799
69698
62221
29684
85806
7294
41973
96600
88922
55922
uVUIOvVZA
21917
101567
1506
75948
76772
29692
59225
27245
91216
108014
30213
77558
20334
102216
79003
79937
117265
9661
57899
29875
121342
46867
91600
61299
35280
98760
92122
31777
37952
94358
121395
YnZIZXrfZ
120511
112111
12507
111576
62451
82250
116603
56424
95678
5572
4899
7408
91244
65493
66002
107716
22971
113388
13187
1274
2636
68734
52012
83062
95332
19649
49745
112127
18222
122244
24267
28493
9577
46595
qIhgZxAdT
29799
107306
22502
33188
119270
5521
31460
104400
30671
81656
46596
ydCTNPCwJ
85374
114697
73978
118576
107075
71280
121306
58838
52266
108182
9756
HNjUJnYxP
3610
1940
103819
82373
93141
113749
3066
80631
28485
60885
51146
29734
27659
4623
22512
20273
69283
103725
58970
4335
iviDKxMru
67702
103863
61755
118930
54216
92083
63801
109111
94336
14349
50660
5995
103752
13258
119727
99213
86288
13342
30388
KJKhxJSXN
121093
97962
22950
37560
54504
49379
108107
68140
21252
60515
4112
16538
49330
67006
107622
45053
60974
51756
47264
46023
72587
72491
77318
QZMRgQeFj
7531
113755
zYTRRUEHX
64301
103220
76032
72632
80893
3692
43573
18058
71549
45716
71971
88562
89009
25162
106317
99529
31808
73530
62936
RUvjMCzlj
lguIlwRpN
55400
66681
14315
91638
32678
21657
108579
43722
62239
41611
95817
20612
78045
ypsIMTnkw
113174
15003
90016
82122
1269
31464
35813
122183
34509
66017
102699
27920
54015
18707
5930
92812
12604
70938
87978
88880
86602
115352
71817
109001
28312
67147
118737
92634
62411
67949
10040
61923
119771
59870
7190
39789
103381
90506
107931
61943
28644
79290
9609
120724
93869
NzWBXXWgX
72324
81792
53869
48955
74334
66763
11308
28348
39340
25354
87675
120846
121612
26831
16125
33101
26067
21885
66545
gSLzEcPVA
73809
117286
100266
56406
14651
34331
22821
98379
12655
38877
106338
55325
120968
96147
84323
42344
99467
114774
24671
77166
1795
82782
24943
23105
77902
50179
104685
100865
60029
14419
115426
19303
105157
27869
39571
15467
83860
70922
91409
96861
54150
96451
86007
53851
69992
12304
22946
MfsptAbKF
13858
81308
110235
9316
113800
21346
111383
118802
17762
46883
1527
85507
16671
iVzafAGDu
2708
94877
119442
123853
76455
50443
13068
45545
90665
81342
64491
9794
123188
80474
9037
71391
14635
93428
59515
4041
105100
40355
35900
9966
20801
29028
95181
53115
8768
48034
98073
80920
RcWxolfwX
89660
74558
70744
9711
8569
9559
6604
114612
68165
49405
91738
44620
5056
70435
934
79808
62789
32481
49119
71787
20009
85625
55832
11892
118549
104386
39396
7383
66101
70198
106174
100627
109099
11507
106715
102221
14079
31986
80410
29661
22540
98233
81617
24807
50241
2261
34178
32265
68804
29755
83942
38801
33956
2714
63236
60757
71238
38364
11590
68574
100039
114020
jBfCWyZyC
39559
84003
16982
31168
42270
73594
16649
23012
6226
94215
116603
47120
71854
97372
47179
121284
99143
54983
103394
39174
20609
9453
63878
66416
123611
87430
122050
50557
72754
96660
119977
106361
46293
77745
81834
29710
42833
83533
16503
44406
2752
mACGMiTZb
52695
101692
47672
7220
32583
95205
122428
105787
kAghzydLZ
92694
95340
31165
24235
75590
72149
1389
9414
25342
24312
52351
61911
36724
32814
100934
24695
76897
40933
26207
1209
71263
4585
72687
103276
84199
83090
58116
122773
123306
100031
12992
47346
108390
82879
63594
58726
PojXrYPhD
13198
87316
118265
67418
48940
63336
100374
21717
59632
81078
4974
58892
103819
15266
80665
qwNTgMUos
108197
99312
15366
43007
53471
31595
81632
19324
101931
95947
79463
116485
9040
113386
51373
83384
14010
102143
23857
96336
206
69277
16527
66500
70683
91239
28768
34290
3799
16834
84615
118328
87857
79881
59599
90034
29704
21495
84544
kFMyiBHKX
90032
88332
74440
69364
55649
82169
90002
91619
87429
97042
3346
50856
13501
72600
dUOWxLNTV
123178
114032
48838
88951
11524
116908
79850
88249
36060
95425
ZICTBVNcU
99325
5023
27936
25994
XqOUWJWgh
81313
60005
13497
87688
79319
101287
100411
63977
59478
76995
71854
88539
100321
31992
47710
104696
50013
YIdhbVRYZ
102679
97242
74756
102683
105170
47375
119991
21961
115310
18403
118643
UmZZPAjBJ
122095
43921
81376
114191
ncGuOxUNs
85910
82406
7593
97642
45388
70581
110
37351
104866
79386
3099
84323
84905
71775
50760
79103
4620
10420
13419
36966
9963
75020
13866
23787
32371
108306
8588
59058
48525
46856
41940
18556
116376
68489
21659
22634
42233
39231
55324
43119
54107
95860
40358
uPIIBptBe
120809
45192
76805
90810
58721
53939
PYAjlmNpl
92783
42341
26552
109745
32082
49952
118158
26777
118978
76824
79932
89885
107836
38166
8242
91809
83010
49867
65045
110234
ayjPneyrW
31375
34915
83217
112970
16713
61758
89306
113286
28594
4243
86251
niloGorBy
16689
95041
71127
18108
42297
86812
106342
8551
112599
33346
94568
34579
4106
71873
21332
33035
51703
91692
73085
98067
4253
12583
87965
52214
27065
32789
84584
53748
27549
84289
118276
62394
80985
80682
49853
63170
38396
67911
105120
118631
98974
77300
18712
47745
105945
64060
78827
87035
96545
49711
29981
96713
70379
30658
32055
92611
7340
3095
2541
101818
114982
27334
14346
12021
121123
79652
104295
96664
113105
100558
66751
vyjjBijIf
52266
31570
39407
38250
9937
34545
79218
67369
91591
93405
AsmTTeRfO
82493
80239
3701
93642
5047
105230
34306
77066
50235
14136
105754
sskKuvkhU
111738
42784
116677
101348
67330
120658
53710
75687
71995
99975
42999
114682
48376
41071
123061
90995
38059
6317
24855
121301
105596
74260
122805
116898
70512
69231
94067
103059
2945
63256
9762
7626
115857
23327
115407
6733
116778
8863
77189
10255
121886
DGpdFMIRY
29214
9909
101582
106580
50283
59585
100547
102122
114289
33539
6397
47826
33499
81227
39067
67961
76591
93334
113322
kXTAZkGzC
10521
78083
60699
20507
25216
87153
47391
76607
40531
31178
36074
99613
56781
66422
91247
88500
96247
5476
111110
66941
24703
xVNFhkfow
30800
2583
30836
100378
77380
121755
olSCbFwOT
95782
43169
94580
38513
91233
MYMMydveo
wqCKlUrFE
73957
44876
66654
120033
110649
18168
89738
116381
93610
27855
11119
13674
15756
58877
100666
104676
54988
94690
47933
113643
44217
69398
40747
82143
71845
23192
39393
52813
60305
14781
20610
29919
99506
111807
73356
24489
84469
88146
97725
21413
117265
109631
12230
106876
117197
25955
9980
106767
96185
101348
60042
56753
97798
752
110056
tjaEnkBgg
25796
83556
10549
93668
79541
17643
47245
30406
96301
87876
44742
27638
18931
47713
101928
67991
13348
20671
60673
53087
108531
93936
82514
33869
62836
116091
42527
84816
3846
122496
9622
13126
33525
115271
90608
27418
122623
44762
hMjWKvaEJ
62632
51436
17166
108975
64611
118293
119876
442
37130
98442
70865
85141
39711
43864
114073
81689
73532
kOhzHyyIA
40251
86870
49228
68879
37938
114982
83164
36020
95360
lBthLjDAA
115784
MhyZUSeKR
4711
VDTjALniE
DVWOmdBcV
2700
34278
43282
33176
123822
106021
62925
77320
46361
18101
66297
28492
6505
1770
36849
69078
91047
62225
117173
110281
75308
88398
2493
14537
36011
66507
13526
36537
37132
41544
54185
56532
141
56433
JUeljuehC
116572
22793
55099
27403
66595
6300
7950
32244
97633
107647
88407
18766
96997
80783
54724
84624
47494
117206
96821
95357
QTWNLQLmD
113414
29866
55779
34723
VRGkOVfcO
97623
100318
40661
16943
73420
21556
76901
102650
80707
106878
75722
78388
51194
64911
23657
99960
Weqwjmzxo
83828
63514
31209
115678
47114
66681
58563
79115
34514
9141
44823
111988
SHLoFKwaB
48598
55419
39061
36465
48573
52256
92913
15383
59639
15329
52287
7044
41316
118841
51370
19587
49822
73925
112554
116580
99569
47340
46639
95065
55685
117059
54458
51467
77022
41478
101616
40914
48175
80032
69492
75988
71888
8227
8508
109408
77587
105575
65125
189
fvFMXCecO
100023
18628
100422
17239
6881
110218
29023
40666
81850
80562
29192
9931
80819
34429
27969
114680
96654
19407
95300
92710
121406
19810
19167
11748
26996
60245
82322
50391
92339
86902
27359
116057
35489
17152
122070
16400
67518
78696
55032
17454
70939
77121
23039
68962
108050
112443
69474
112972
114733
103273
72386
70141
51766
81057
43795
116322
115303
35701
43944
27743
66708
77504
116080
113376
90228
101837
100613
umBgfMsNl
96070
91103
121195
106371
77514
51126
70347
106017
58104
115824
99931
120282
104636
96392
111888
98185
58896
70977
71679
99637
121443
60940
27962
62481
110755
108232
80118
26169
79677
56
121782
102360
122989
HpAVzQoop
121147
92071
78705
61940
48579
19716
38227
82130
3071
53887
72548
120102
118293
72196
6516
79135
rVUiGIiXO
33557
85723
32716
118065
114945
13206
96829
jsRnVPWjb
97238
123946
77568
70209
31856
50416
56152
38356
49947
56853
63098
70322
40826
32327
37863
55189
69794
47222
42198
84036
58433
EKXsNgCmU
34464
77261
10543
41945
36315
26831
90870
109745
22009
98766
TctclzLct
14813
26071
3143
77259
zoBdyRnAa
103193
65026
47012
74291
51970
32447
45571
47576
103477
64562
74766
73261
62390
vWWCOUjLr
62997
88174
112587
123502
76134
111829
kBosDuYXa
52840
54331
77670
85881
105727
69815
65078
44283
66462
RQAucCLvz
tPeibHdrJ
47765
79332
34167
38076
108435
106424
5459
32779
36949
123375
117313
53967
86636
110319
96354
89354
23900
12216
120324
19998
81051
16764
110169
53256
90094
12046
90503
21554
21898
77
111789
56417
82746
27312
48493
62614
35202
58569
62977
26226
74460
64754
85297
27145
46784
35198
87270
98528
92666
46666
75715
115627
77107
102539
79843
56150
83074
tfyMbysvG
107913
37821
118509
107650
XflvefKsk
32204
40892
117480
82935
118444
74862
79829
23217
5088
107166
100635
77118
51590
65470
66197
105059
10364
87381
119648
44010
105484
38819
13614
84887
114687
53664
110864
32308
80718
112786
111022
3242
114996
36501
114857
31792
99630
484
105401
123692
93053
37770
27766
91493
117376
80349
1598
118474
30343
98997
94293
14898
49127
33707
88059
28867
68759
56739
hvvfEZkDh
114234
52448
85756
98616
34549
102696
88539
99422
17857
94121
GuYJyEpKu
27670
20162
61509
86463
66154
52581
1759
35681
42424
24237
15408
SDCbDeQmt
110449
111234
46716
65835
40238
98245
56750
107111
93682
60305
85211
85497
72806
85151
52860
60081
72782
46392
22312
78361
39486
113807
99760
32032
6446
SKgXNqNUH
118215
24962
59145
56463
101590
23861
22041
53331
93499
70944
99080
44908
87177
109207
118433
52761
78085
115669
86671
35170
8189
44087
1060
32239
115651
66776
67648
47805
78920
122576
4349
44400
86750
37992
95613
103719
67716
88732
35347
105002
91216
27354
16990
42689
52606
105014
94971
40373
18602
9945
30443
15968
18481
74025
48799
16090
37552
81912
8524
116358
2544
106677
85813
85193
82450
59252
64027
71171
94411
29824
120436
104702
LsaEXipxB
XTqPGXkmi
67285
83471
66714
7287
118327
6935
25325
67818
74579
19487
114631
69005
99367
57992
107359
83131
103284
16429
48064
106234
60926
55577
100228
85027
71528
68019
59291
78320
84129
70532
57862
11540
22945
GZleOpqIW
43006
14890
15086
121012
8906
105903
10519
53834
72395
59827
66803
5277
29396
108981
110733
21651
105589
1080
88348
100022
24634
69682
119646
75788
11154
38521
dwJXwGMNj
48391
84048
8440
121908
6287
89786
76039
102075
7586
11723
40462
90582
87330
69888
111613
61807
60635
103072
25246
3285
81054
54902
8494
98451
59904
105469
47924
54547
63471
11408
10190
66180
64086
113762
60849
122071
66941
101200
5827
90576
zBSAryJJL
91243
41941
96283
64451
24444
82966
60268
116971
54264
30887
63285
111315
110731
33320
31709
FhpCGPQBX
24327
11903
94708
9518
94427
jFIXoWwWP
80449
87762
21987
45378
74894
24222
16255
5214
58283
119223
20692
32802
34690
43784
42173
27736
102792
88379
39144
38617
10336
10207
30527
14654
18204
7604
91451
80071
12326
63778
3331
59215
105999
101770
70694
38463
mdCWvBnOQ
6066
15196
49472
34254
40787
yOESTqcdm
112741
57331
71820
124212
116048
107654
16385
85184
uBncYycwQ
15141
98859
77621
92510
101174
31840
91390
28939
28676
123598
96398
36674
36831
34558
67182
90704
18597
8936
2458
85336
77006
97619
53265
HJuvGuKCV
99245
62045
53757
118865
70117
33378
72434
OwhMmdMGF
55999
41499
38115
8631
UqoxHgwpn
18044
85409
43867
56309
84837
112417
55346
80137
38918
123039
62447
11645
88172
107811
82647
40879
54111
30066
98467
56406
71442
107995
112563
109462
LFBgdjyym
43760
32785
84676
118660
53275
77589
3586
70106
8633
118549
88198
115400
89638
6702
56740
72371
26029
97085
59682
PZbCQdGPh
96293
100021
95005
18720
122521
72161
36608
98916
119415
61718
95329
111558
24351
80260
114126
104519
105055
26388
45041
106115
56474
107347
120603
45951
8594
101524
66840
74409
103932
34024
35719
59039
28363
1264
6576
66741
75468
86740
104215
27579
106369
74495
61549
55155
5204
40181
48878
49553
92868
121401
32200
97378
63102
xWmCSyikp
25394
96539
112015
68637
46750
110624
119616
115533
26540
27194
79399
112103
40408
59241
65973
92397
20546
31741
113644
45908
84075
96407
80933
77260
65604
105807
9133
9521
56655
72849
63681
92088
67626
68584
72609
29273
108642
39719
ZpNQkgdZq
2248
118711
104227
14516
115179
32310
23922
1091
68935
118760
115849
122600
67886
6011
30375
24905
84485
11205
40908
70891
42888
44082
91902
25670
2761
2439
63506
38851
55797
60615
60756
216
89333
120819
69141
58506
87202
86832
31168
61660
12133
30950
1747
BUUFSIqoi
71340
59133
104219
105442
59095
35114
34666
39321
72204
109241
45285
106867
114941
31166
67880
29708
65401
20705
31453
20005
9176
9766
43737
82636
120666
93105
35711
25161
47541
47796
116814
64199
6433
14155
62276
10019
40760
14377
21956
114915
71079
7545
45733
26762
117214
2099
24432
94356
121459
68118
31535
58770
56254
91376
72906
79830
39287
123441
96456
33302
4674
32844
38141
109898
dcieQvHxS
41000
71256
82087
60167
78600
120318
108974
72371
69067
116604
97832
9379
82549
70181
305
68758
62514
100086
38935
12452
87140
83611
119214
79690
81421
6484
90714
58946
93788
32286
4437
jzmUsKoxk
49306
22097
36433
93998
120009
16694
8743
13325
15404
39816
25351
51439
85614
29963
6925
40546
86165
51374
81680
59773
51213
95356
83275
KAhsZBDuj
115798
85481
110096
35582
34078
100792
103001
16068
917
62716
67368
42884
25562
37926
104064
76780
5674
113394
22299
89213
95573
83565
4024
84496
88359
12082
RIAdNlqvG
14354
zrCVbZeDO
85038
104215
17897
116490
11941
aEmIiyxkC
106814
81955
40754
68568
100577
66883
44529
121389
101823
14722
22276
28343
75383
15001
110242
33901
107076
41620
79827
4434
26475
19684
9014
50002
49690
56286
DLAdpzxyf
96498
100204
73657
47300
47560
76526
MSksTLriT
9452
119040
23355
115627
41540
5944
89317
100036
110401
23379
54209
83069
73113
95691
29439
ADEPwwJnF
37456
43144
34744
54854
9687
45582
90627
10905
10996
89561
72771
85160
25143
36585
117451
40318
34862
43040
37457
70677
49307
5477
46053
56225
91865
72854
28406
5699
31329
45767
50146
22744
109119
25667
105810
112755
76748
25991
122354
iwfkWoMRH
57338
286
21765
97323
30427
113124
79169
4970
13679
99342
122973
1499
73734
9044
101026
12051
122813
29585
116561
6885
72478
66842
18090
52627
66827
19338
123936
48594
42369
121007
25506
20495
37789
9672
122958
11454
92101
66706
94383
115456
25072
65144
mDPtjtTkv
49643
35778
fXZYJVReE
108897
83868
69428
72099
5238
17420
21095
44591
96614
23480
102276
21404
104604
90341
111569
3263
19525
15756
6209
97150
109788
121809
99566
8379
90151
1314
45538
HIhoUQSEx
103060
97740
28664
69862
6052
72863
78033
109821
97169
95781
66494
64948
23102
XFYCrrPut
80595
5283
32092
15253
63818
105175
49818
22211
45921
123358
50592
VErvRSinz
117781
115082
63495
97486
109189
72167
64613
22739
40823
94259
88751
13398
42408
45527
23894
114896
KatOjPBXz
118220
15118
6334
122221
120730
47132
4330
70759
42676
113366
64355
86908
28002
93335
29728
117589
4275
97891
87230
113352
56820
25445
114383
102880
45834
44019
46857
35553
119261
78304
51885
56430
17757
9044
106294
49386
41278
64641
121684
33899
80677
82475
58201
49808
10460
73653
64691
71160
14410
15364
106779
43466
10648
ZztwHlhfN
79969
ghWHhaWEy
115012
118510
5902
30204
3028
22268
66127
33224
41906
116986
22422
67145
28974
77627
86665
98239
105904
108042
40807
31899
45360
51578
47846
112
9027
76359
88922
53957
106436
31560
112434
75826
79581
45369
108932
37417
15632
68592
6508
94724
15201
88131
58681
18913
78303
87518
55079
6054
2688
109849
69077
78462
41181
14534
4751
2260
21967
67970
101008
81309
33806
79006
91887
109302
88174
100229
54173
24605
59639
96045
53133
26723
78556
81041
5059
19904
27716
87279
33442
44965
62824
102011
88047
84108
104318
37381
49329
71660
51937
28445
71678
117561
88410
27023
63575
63239
GZGFvgmfH
63023
csCkeyoPW
84494
2224
35857
94657
41112
21827
47140
107959
77424
8854
44933
34781
44620
88937
95713
4888
sISAyVuOb
16927
41613
22194
39091
116817
100637
38621
28377
106406
61793
71324
34259
121287
75413
2855
37188
101934
36527
101434
17624
95553
44979
33026
104657
3413
92696
18124
109957
91469
84810
98077
25591
108511
38680
20732
5939
18533
49647
75375
105529
3571
20410
107398
8939
49436
29211
65090
7539
77373
98365
34866
1729
7636
43164
67633
49155
91043
41591
119075
6734
92998
116485
74927
64648
9576
82214
65866
7164
108471
gAgMeCcWp
30121
10818
9764
13029
95151
94090
102466
78234
4220
72944
93522
67162
59475
51987
74695
76950
2621
122869
60789
111683
18507
27813
13271
94972
5990
61408
48083
FKzEXgeZU
48866
42028
3475
82178
82830
5553
3488
6852
14128
40855
75942
31464
62953
66470
tVNNJMIPo
69497
TuZgKRdGP
91190
95057
86180
110419
92350
57562
111820
77114
118578
118686
89872
104495
52067
47417
70056
79417
krSkNUgty
63631
29763
104862
fogoFmlOu
kdInTIJmc
103271
110307
17615
95230
59892
119471
40748
108362
91388
40945
116044
ZAWMKTXxh
54171
110861
43958
46341
33256
87182
96079
78849
40903
41309
56854
96283
95866
17897
104429
34958
113408
34025
70346
99116
27474
73687
13882
79958
61476
ylxeKLDyK
111346
93291
62692
15051
120122
32821
4352
29418
103942
lgFhJZFwy
55963
52846
46907
bWnbFVLpV
23390
EAFjfJjlE
41755
116540
110317
77998
80674
95280
36271
33599
43546
86938
73660
mppyfxrZN
76298
10611
94895
85489
13174
25747
31473
94730
117527
GkSiRTJPL
19835
44624
113325
55331
29626
52871
62892
14038
28046
50135
123998
106677
33904
45268
63593
105286
114872
22393
mJuOWYfVN
yrNhcuAGS
81182
64432
83470
96921
31823
82292
122959
95784
11198
61931
72826
111928
81339
91874
121460
62927
2573
123259
15880
53365
112366
42242
113591
13688
93137
4098
2382
5324
53447
83113
10544
4446
40848
31631
72
109099
113604
29683
87361
118440
20639
14523
26648
jLnQmyPrx
117489
XVsVFtBii
89828
74485
104108
67791
49028
80709
84483
13547
55398
98412
48490
69846
36836
9891
105622
116863
8427
104667
45087
44898
uHbxunodu
82938
6898
52011
99703
16769
58069
3435
116296
13185
87944
39925
60409
45556
114861
38120
78916
12911
112052
60577
7569
34576
113895
88959
1235
2634
19299
116444
80806
8469
55213
32988
110936
110169
55062
73154
61062
iVbzPhOUg
94512
50992
75015
88380
66193
122193
41078
64041
93053
33424
18235
7750
104724
37382
100185
57114
55294
91788
mtjJabjeV
56839
40343
22332
77180
57090
96198
44653
28162
bORecajkn
57622
98950
19184
84328
9431
112057
103024
16160
115835
96153
72699
18694
8249
114952
61289
5494
94982
24570
109370
LManVslBF
30408
109595
90829
30150
94248
55040
108771
nAsjboePw
53923
18625
35280
12384
108442
117457
97324
87920
24901
80000
51879
113780
23941
123093
32332
90502
37822
121211
18677
EOXLJISkI
WWHevoSmC
120621
35679
70291
22434
120955
77745
15205
86922
80040
RSphwwBEF
42761
37991
50852
78001
14560
104576
13742
13509
71628
82254
59122
11301
uMjwHfawu
438
78793
56730
28250
32527
48681
36616
70122
19052
230
49111
83241
31292
34808
80388
84543
84482
36560
XtrIcgsUD
35941
18516
81268
73917
32788
109028
73340
81744
114984
67500
49911
121875
39487
98635
91901
55418
29496
113166
115147
77573
72749
103485
107683
54069
95411
41044
YiwOejfAU
115297
94806
97835
72848
104448
100591
94908
95802
77927
114543
121909
91655
57126
42329
76435
46813
tNyXjtsEd
14917
15470
10439
71015
69096
21073
32374
47353
31017
50350
10195
hFkmZrwcH
40825
16033
4045
9992
43632
10159
43541
50147
83442
lykEgSXCW
83174
38243
112398
7967
35735
73957
15850
MtknWVMzR
51952
88654
52479
35279
13322
119876
64510
111443
81603
120528
82802
20572
90422
8910
26341
33804
71146
39440
57758
76237
98531
106728
106897
75767
91080
22705
74194
32887
49279
35281
14693
62296
111051
RnlYdaOnD
79168
84765
66029
108125
101537
63579
8766
13302
56499
90432
97351
95415
48223
93781
47820
16862
24921
87042
46596
88567
118965
86401
6097
51996
bRPNWYtyG
44312
jicUvzgRg
31131
82368
87655
108504
25698
83929
15413
94638
36737
113167
38922
69446
107995
107629
30323
7281
107554
29281
103380
121578
26775
4217
3107
75576
97071
51716
88980
119965
79645
17161
104792
101402
98149
45375
58420
60686
61942
43480
61867
73007
35867
100038
45938
22189
115494
48881
72612
123180
52679
38827
118596
45577
97157
26122
78471
105023
32642
114577
71170
19105
64018
96108
40363
31088
15098
46961
43795
11268
vgUyOSliY
115132
84511
10675
73308
13625
8822
10346
122274
34525
124061
38644
85541
45732
69345
65707
50677
104446
52075
99587
45218
116390
121881
45067
98761
99910
21265
17801
12767
98169
4425
77550
18336
79190
120273
48164
105223
11501
34509
62143
116949
90824
91673
6072
73476
42703
91126
2704
99677
99093
77586
32365
87866
ntbhZyKEt
118466
69004
10251
91633
92220
61321
122759
21084
4940
9683
29475
101120
101730
10246
55455
32947
EoJsjenqX
38218
97022
123229
82023
85544
120830
7348
74885
81824
117858
yDHBsjavO
7262
45747
79270
124098
31577
114371
104913
55441
30925
18703
70931
65868
104362
11627
42975
55132
42349
72661
97579
18898
88039
51364
109049
61788
21454
66811
48382
103693
120973
68523
46740
18271
57579
112778
6414
91682
14372
40533
113566
46396
93470
31356
86549
50387
15713
103020
111425
95998
38357
75641
112671
111321
24409
40482
101520
72168
16996
63219
72682
36519
3416
umropSlWe
104378
47538
35251
116573
52297
112004
41388
9659
23092
63873
102032
58469
113508
100796
56591
110580
11210
82589
49000
124194
86489
13436
30891
qeiaPoUPg
76951
60774
63252
22239
94530
82380
44414
15000
44618
119860
60044
68498
71126
35982
95725
60484
58138
2294
123839
71189
52863
48010
9081
96336
107417
41904
51659
11002
103714
36426
104867
115500
23408
85751
97373
67629
98452
4294
3710
16324
106855
57388
114536
77258
86887
114105
aDRlErEFR
78449
92872
sBogzSSkU
83293
88009
29385
19566
60461
9485
116750
57779
4800
24974
108967
44318
117117
55792
10583
76901
120065
111792
107460
99307
84852
50854
82221
104928
107344
54848
103343
7632
121927
48810
28173
101737
41074
58370
75163
48734
74571
46436
113894
94635
114791
63795
82900
108257
102587
91099
21333
88037
jFRMTaljr
62601
34284
63046
93283
42812
54888
123651
81352
119996
63566
55586
30047
28258
28029
57718
34625
46960
115729
109084
110215
30641
80485
36881
lFEtmBBFB
81298
22332
75767
41226
mtaXHcssQ
123768
48051
HZNpunvDp
82311
15764
43107
90688
87761
62463
38538
20317
25455
85229
74444
37232
nTVIdKjhx
99676
afYFOusVH
1998
112679
RXfMeTmsm
BrByuUNkd
110902
64791
3169
1562
11267
60263
64588
76661
24520
29232
34873
46369
35325
31574
109097
EKTIMzrxT
54552
26989
107083
109358
68296
44861
99706
21217
73059
50715
VfvWwMoki
48940
20442
80268
vEbvJTqGQ
16431
13841
103701
50672
FoTKCBRsn
49324
61710
9261
36654
122438
38020
4835
120703
7314
90830
121036
108463
rjciXwLRR
59031
93845
39959
5173
54830
19252
WfpmWeUwn
115939
123791
25411
10398
116716
114522
36386
22217
78628
116961
102166
114465
3577
17792
54981
1083
3975
92571
7809
108221
94787
80272
86416
47378
57172
11544
96632
107842
14478
66764
13480
91784
70077
69611
105787
15179
kcdzynmAk
52624
106924
55210
110680
31730
121793
68342
67482
5945
22456
57264
yMYoERsyN
25317
42712
32053
90141
72285
119391
11006
105208
67769
94663
81444
14346
31762
14890
hEKxKgrPY
15896
16447
22046
99970
74550
68344
51158
62263
61233
87906
oTtLsgrnm
72311
69374
44389
54243
94875
20884
123580
48663
91084
14400
43507
109834
116560
8036
28854
109395
98108
121468
12426
112290
116399
120895
96085
12587
95074
52188
507
57358
49963
FeCerorSq
17450
34535
FTiASECUw
94269
12219
118950
85829
91001
XLItIBTjV
108146
109499
66123
83462
100888
44759
36847
9434
50325
82129
11500
66334
99879
17631
26980
6476
38141
107146
vfYZvgkjC
42377
52740
115558
85025
78135
82491
82454
39428
64434
81605
81495
23682
89349
9633
45036
47548
81159
64143
31420
80465
35970
96155
51937
118148
46481
6574
23636
70542
DBqMrgsYz
OXnxsJpkV
98905
22402
91048
113390
110628
85027
25715
690
48189
94414
27793
43763
95438
27885
119276
34950
31361
1562
81310
9325
1235
92419
87382
30784
23486
tadVeGtfz
61814
49326
26948
67220
71821
44730
106263
99052
91238
109497
22632
105875
40308
69517
12738
116468
46426
9015
72463
123963
15970
60226
4339
25605
83220
97345
88017
57813
55308
45251
91128
60762
23174
23248
65990
34844
60153
58097
6155
118927
102918
80177
15585
82753
99762
49183
81807
33919
115240
108810
60263
73963
47366
47833
80800
4223
72961
111852
102681
1923
74683
103014
dNORQXnwL
81136
AFYUhndbS
5969
39624
4127
53689
57913
115845
11210
65381
100518
LAuKteNJI
66001
74501
110972
60378
17697
65922
35775
73996
96275
qyvEUlEjl
109805
cKiuXAXbm
35256
101018
15247
14228
MTbgrEwed
5428
74059
24325
26543
93428
NpqociSvi
49342
36303
8955
90230
70859
114413
89992
98784
115045
66284
68483
53507
117528
50118
68133
59302
113546
76295
77145
41828
92819
28826
5832
99937
70770
98128
58786
53748
55920
93577
51148
45527
75688
121778
49350
60699
110924
17084
13573
85308
48366
73841
22279
75376
41585
121905
105274
49853
105195
98204
72815
122440
117207
63057
28435
119702
81576
109960
11449
46426
23819
100736
RvsRMstxH
1609
105574
24214
33656
46368
11489
97635
96818
534
78313
37834
113941
87407
48800
60702
36453
33701
54901
84815
69980
81899
111297
70458
64158
29543
25671
50645
29434
4406
53485
39163
19407
14618
32780
61660
114564
19742
55326
QJiIiTRjf
108836
64232
123258
56824
115906
40989
96655
8009
103912
9061
55703
31308
115688
20140
KSBTXgmWo
80369
3761
FylfFeMVV
86235
12850
86271
56127
117747
115650
46031
77228
47291
104884
104811
46194
26403
62902
10945
112782
110373
9187
86989
90416
76419
25957
77797
28687
104305
39083
115495
78931
84415
110720
54771
53534
12999
10416
82083
97932
63518
56575
HMBvRlQcd
47468
105243
lphPtSuDh
95202
51273
58695
105523
117092
36100
47552
sHWvGjuXA
95623
51151
122191
35027
74014
111374
55227
EpYEyYFBP
101114
dZdbEUjcC
56358
78316
106628
14425
31549
20941
74879
123799
105172
88931
114290
122654
IVPZfYIqo
81528
50075
52644
47991
2874
89195
9806
50261
91935
59456
UnUkfTvpR
101360
117696
95212
7536
47554
50999
101836
114533
90445
24773
74301
14089
68008
6580
89153
49757
XcjegLAGN
21139
7829
119211
85503
18519
86218
5668
13627
4219
56631
55185
41279
50999
77193
83360
103946
105860
110177
69137
42604
97612
113977
101022
4207
78751
97084
54275
32827
78238
70884
7390
15738
BFKVyJJJm
51977
86245
89201
90163
53355
16722
109104
123116
44427
83760
53729
48324
25579
69612
119936
43503
18063
37339
30498
57977
15624
21811
75319
2617
116119
112593
122668
57555
41862
77924
17044
90300
18416
68406
9460
6168
46798
58445
20027
14275
123532
66240
24842
25085
38586
64987
79487
123282
27700
99583
9979
JKbVNMokt
116960
19808
84843
57665
42619
103230
107499
muAHoYgVV
105864
32566
32944
56209
116546
147
10751
107254
1912
87527
7468
56548
53514
18689
21557
52704
115079
1712
54654
758
43645
90904
56640
22166
78784
QxpZlEIkz
75405
106112
62790
86116
2864
123210
2531
2368
111226
78172
56015
ILaMmDFfq
74388
60699
11245
102802
40208
49957
119670
GQzHbFRZc
63874
67297
41121
jbQvjDAEg
114950
hmPWDMeZG
27077
107443
53599
96451
43563
113531
120653
44653
91515
14993
56414
73689
2095
LAGNHadvW
31303
116619
72781
85018
1902
NLtDeRsTM
49890
RdKOSGIAw
62014
22038
27010
23863
19837
48730
103388
99815
28485
mNiWFDTPk
111458
30576
4118
77941
94878
77706
119381
16247
98451
52928
29020
43349
55292
53233
119710
45948
27370
ytFwpYHuM
9197
97886
40848
49496
18840
25485
81196
109346
52695
13693
82156
10727
86360
40104
16068
24717
55864
15910
4242
28317
50311
6913
98983
50198
116280
76237
121987
5742
26742
36354
64780
3541
78748
99930
85521
37425
115143
77818
26605
26153
74212
75391
106981
59786
98640
38470
104428
3327
296
26055
108767
113109
49743
118515
59848
52101
70163
YytTQzrUj
czyiwZTlY
24251
28390
53075
88783
4760
98894
81842
27630
84783
111323
5004
49839
27603
2219
33319
29638
59400
1125
60345
82371
22078
68746
12463
47610
FOBvePArS
29925
21616
3600
47237
120904
34350
40187
53129
63826
17039
56283
36508
109452
64488
65883
94498
101468
13048
28984
41209
32556
24189
41158
13074
100806
43714
kZvTSmNVY
23319
111866
64877
PMdKQZrEP
23725
122833
94524
66381
95166
58134
80013
120780
106375
115999
17537
51097
79783
106267
28560
50686
17301
35167
90904
114213
24595
103414
63187
110328
122093
106854
92307
96657
20864
66771
76522
77062
64502
46096
41251
63859
122113
BnBosLcjN
73560
66410
107353
4208
84095
xPbBrztQb
80272
43093
84459
91989
35051
56859
87479
590
113809
49401
77683
118910
50945
69950
4540
106752
76200
25452
18687
10590
87657
119706
15864
364
RrtnUyTHJ
94439
80920
96621
81502
78653
81099
34496
39810
111459
107148
66119
15320
103273
10025
78847
9113
77029
2849
48731
116478
84177
92750
6301
65988
75450
39828
111867
21558
23443
120095
71318
34864
91519
24864
2151
88301
48020
55794
111453
101487
10559
2118
81648
53099
97747
6237
79765
120324
69531
86690
122701
118046
46709
86114
1648
121728
sMWgGQrnY
52009
124020
20450
60593
18901
60494
102194
55285
81764
65125
586
116368
2030
59904
58196
50897
vPTpsZrPo
107651
105126
38034
36557
89144
111762
61481
121374
106637
79779
93916
47796
34498
93191
49130
117717
34634
33118
42584
11707
12324
21422
10945
96107
99035
95831
73246
94308
53098
8729
8391
62131
78110
56823
47535
120463
116535
89498
32932
76617
80504
45472
88492
122208
81342
20494
119919
114439
83141
18356
121794
54332
19955
59179
87505
13443
21098
111443
80703
61238
95546
118127
HzkhfEqjv
80292
29579
23952
117881
LnlVeDLWL
9512
114098
32903
95092
106605
107635
115066
51353
44665
113001
94303
85954
93553
70167
39754
80488
121796
116190
37273
9801
108462
75542
24210
25715
79796
17470
16700
65402
168
119195
39102
94288
71339
64262
25275
94359
56941
85221
109255
65219
51949
103217
56979
44666
75148
100200
70703
32962
103320
112849
45284
61651
114727
98848
67778
26331
117131
75623
50191
85476
93520
110438
115059
27922
70279
34837
58227
26423
96427
79140
34638
16816
27313
46548
2191
80612
30512
749
70448
84052
54001
75953
36108
65705
80511
5951
6782
67506
117801
98378
123399
19475
1731
78483
9192
4597
80075
40913
26408
36463
100173
7257
41124
118899
17089
78221
45274
33589
2035
3111
79076
98240
119438
78468
96422
112843
2223
123108
64311
81892
113164
106920
32304
50096
120218
41034
53915
60324
4993
84410
100259
121033
110863
105280
120704
93854
12315
79994
77377
rxZgQTvIN
67430
69058
99782
34762
81211
76707
117936
104859
26330
53510
25029
114838
29183
115924
14656
61775
64235
89632
53891
104051
118650
119784
84074
60677
15216
72433
42753
7044
48965
47408
110532
68437
22455
47829
12114
69647
106261
106830
32293
89327
28489
1467
47536
42438
80754
1864
112835
78644
48066
80403
121587
116504
83918
76056
38675
46834
27264
29357
30821
29379
34317
54582
108860
62159
9786
48955
87272
65112
17629
42567
19200
77033
60483
87665
88881
30735
109684
77744
81380
33140
63530
1533
31986
24042
75997
15175
23917
114073
34857
51681
120863
111894
53029
86182
18631
110022
67995
72433
119384
36176
13641
kmGhgzLuk
24922
uUCEVKyrB
98772
50260
96884
112526
43222
93707
51148
96059
62131
15153
20665
41659
42371
9341
99793
58818
15980
40796
9690
5213
24241
103475
38301
64467
tRIOJrdUh
20587
20924
64245
114475
61185
98204
118647
65084
87212
74859
43208
58388
37469
9581
92462
85199
13755
52638
50264
70267
19163
108353
118381
53913
91090
38517
59805
13577
16240
62339
21383
7906
42703
81430
78047
22789
110612
37250
50362
1602
AyamTrity
63093
118183
22392
9580
106291
39912
75357
75314
47391
34131
83273
5388
27003
27141
120381
2154
62923
njFfklWmd
101869
115256
112416
287
74617
xJGsvIVrN
22962
15129
84688
101371
34212
11326
100781
36229
124266
60694
109048
7335
26160
4578
115729
70876
8727
114100
33775
122319
104094
41653
24027
104912
113729
49878
79522
HJkxgxtvX
57119
30101
7592
71964
116359
43388
77293
59408
77248
52352
6967
kRcpWBDNH
90542
17911
16156
115167
99401
99902
24338
88220
88322
99486
31691
88105
105138
28241
12653
111186
104822
7891
97760
25721
20963
11412
94319
116462
38227
11558
56188
37304
54027
42286
31945
97781
98124
vDWrdMOzV
29214
59557
30413
61947
47864
91580
9258
87264
21073
27308
32927
21858
75805
121164
GxwJGglyA
89709
93522
30070
82440
12765
37770
53283
20111
44654
54469
62053
69801
102621
27822
13370
102561
101111
39644
123236
13456
112643
117284
62530
102583
99305
44248
56686
55853
102404
121927
68237
58241
18398
66342
103979
11382
54121
111234
71363
89465
95202
110133
99607
91765
121277
84078
96282
75126
113115
14880
94668
83048
85673
5613
12778
91728
121264
63200
cAjeTHpEo
51566
120851
69378
28254
1650
118071
81039
31047
100446
94320
23691
56852
58914
23848
15
117207
7613
BpfFnhyie
50037
8792
48018
122220
82911
23923
65325
47458
76282
121370
106917
108695
54361
87950
98890
68340
113796
111304
13469
115835
17369
79816
92755
10597
122062
rGWqBieGL
XrRcnHsQA
40316
ToQqRpbgS
84024
54155
66402
51600
14334
7708
36187
59192
13052
86805
20663
59758
98866
62720
65138
70221
13288
59241
28509
zpyfmAIhy
18040
55416
124027
55657
59612
14903
16866
21773
APrisCUId
17159
12455
30930
55038
6435
Mekkbggyq
67286
99916
26454
57101
8984
74542
33566
120391
34046
79438
55330
108202
65419
105127
35118
118231
97835
87585
15316
43422
1661
2789
25132
115968
49873
28398
89944
74127
103474
63117
88991
114190
100383
107125
74203
66504
122589
94451
97708
24705
17096
41316
42369
120901
92901
99095
272
38154
75282
86055
79060
57372
43797
102004
65738
28488
75638
60572
45557
86089
43868
108212
lXOFDjiAU
80620
59986
79048
94682
71066
51885
60706
99781
UWsLWuyDX
111916
88188
105011
32198
7301
117829
9700
DzgCBswLh
26874
81163
87362
3999
49549
2541
97353
glNyHffWA
103763
26018
50315
15494
FZVbzkOHP
11411
34341
66553
76281
31288
73781
32456
118646
105511
47601
sSKanhUgT
77429
24646
23835
55018
109724
81470
KBRGCpFgF
78741
111425
20531
38002
74485
66593
22179
48622
47869
76938
110158
JJBJffjgL
80572
2836
76116
109057
27399
32762
86423
39357
82717
31044
117190
57490
85333
80345
36991
13811
124122
48091
111878
10369
17348
KYdHYJwJL
18360
57456
56525
15400
99312
36420
61033
24920
56258
43888
2986
87273
23487
105782
63516
3135
5507
31252
85516
90907
45530
66527
37952
48850
14848
93859
72525
84047
114418
93749
56715
78151
87338
45069
104314
5055
66954
bqpyZzxIY
66508
57765
69231
64486
64189
18421
107235
102760
81818
89120
98234
115994
89253
24609
22411
45873
39337
48747
99190
82250
119959
92175
2389
103261
74179
1448
60726
65315
28600
14379
10107
57175
pIqyAcNGN
31290
48184
61061
87552
34838
89166
44147
65458
67875
54847
1720
54588
30193
1586
104905
44889
75117
15940
45812
anZXgHYEn
25333
47177
108261
121287
27784
60123
3631
21748
25995
43274
121887
30490
78095
2117
29034
103546
89991
114495
35088
GePoZqYui
63293
97975
12406
16939
44872
25017
98116
108544
117433
24952
3560
18670
88496
115828
95331
81801
104058
7985
76295
117115
6232
101975
108284
FbtTvRyGh
43294
48054
EgLsFXpmO
84737
74171
28881
112441
48650
79714
66588
105695
61542
ECWkhUBqg
68035
58565
13513
63340
83879
81895
83080
tcjlZMzQm
110355
52889
46705
11700
6559
26369
100690
74967
67346
96318
4050
112270
63413
70941
65240
99634
53782
90127
28189
103442
79204
1788
4285
48527
66835
36145
65645
11209
41781
77461
54244
1799
60690
ejQFbzNSx
36441
58384
120711
65606
91764
67876
81108
68570
NLDMlhXrO
118193
84443
32197
99575
40427
80949
68426
hRYOgetgg
67742
113453
11851
RbywIeczC
28670
13027
14070
82568
36824
71265
hOYcuEccK
37292
HdMIWYGLT
99213
75573
76801
96298
34499
22073
ZMjGiIvFW
3115
TYUQDLiPi
27954
103623
15466
97996
10284
89555
104683
95686
98431
18800
103165
104681
87103
105520
13068
112998
5614
48974
68560
39934
123196
107302
66666
105383
53725
88267
23595
48842
50575
28545
116976
98364
79617
51010
116137
35793
52674
neDSIiTPA
107076
56179
66178
106462
103870
EsBOLDEQC
64680
22296
76339
20700
114829
37561
7410
121310
4533
61748
103613
53462
96721
64819
107176
87426
42914
60808
32353
95993
49784
124263
3278
26630
19388
41069
64725
111004
91250
52285
48982
123288
72459
6145
70888
76449
38410
20644
2980
85177
29084
11448
105515
109981
111899
75070
495
75815
40462
2419
1893
45230
80846
119723
67215
106708
11551
906
116745
36234
118997
101100
34220
102256
2151
43588
81049
89220
121549
981
120884
107092
104592
68474
71873
23198
90798
31600
118200
22990
98036
7633
13227
BTVUOLUjV
2724
19271
41354
60086
12585
9162
63730
81133
113352
48982
14851
16635
5076
42364
46369
13934
123852
66890
84322
90229
121941
113300
106335
74150
82292
6120
114746
14387
101024
23622
VWBKSvGpb
107228
97398
45116
54462
3889
7722
43713
82895
35199
10228
34757
102324
39838
75406
28920
10823
7612
24837
101268
78944
60218
13061
59160
76234
35827
62974
35940
67242
34157
124259
5639
104782
120160
13449
67554
56071
49056
27804
32251
85996
20239
68744
32910
91930
46611
34369
75979
115816
30323
75436
73447
47759
47260
120296
90081
26111
116038
96286
45905
81939
46551
8206
12891
92230
99620
69228
41456
110411
14939
54936
98574
109620
35013
80870
101296
62103
40253
71646
117851
40806
33383
51592
59769
68093
45005
45216
50347
45352
64750
68352
26146
16231
71540
48982
63483
72605
FCbtsEajT
121748
44371
77111
108818
kYKFiAErh
44688
29561
30527
68091
29490
90670
95872
42978
122235
912
39974
96120
2196
67294
36536
76408
64470
79518
105989
51038
102984
104834
111580
95754
14696
tMnpoqitx
67550
46167
